render function tensor([[ 0, 19,  0, 36, 37,  0, 46, 48,  0, 51,  0, 14, 20, 13, 41, 47, 39,  1,
         32, 23,  9,  0,  0,  0,  0],
        [ 0, 19,  0, 36, 37,  0, 46, 48,  0, 51,  0, 14, 20, 13, 41, 47, 39,  1,
         32, 23,  9,  0,  0,  0,  0]])
render function tensor([[ 1, 52, 35,  6, 50, 18, 24, 26,  4, 43, 40, 49, 33,  8, 15,  7, 34,  2,
         21,  2, 45,  1,  1,  1,  1],
        [ 1, 52, 35,  6, 50, 18, 24, 26,  4, 43, 40, 49, 33,  8, 15,  7, 34,  2,
         21,  2, 45,  1,  1,  1,  1]])
render function tensor([[ 2, 29, 27, 17,  3, 10,  0, 30, 31, 42, 38, 44, 25, 28, 12, 16, 11, 22,
          1,  5,  2,  2,  2,  2,  2],
        [ 2, 29, 27, 17,  3, 10,  0, 30, 31, 42, 38, 44, 25, 28, 12, 16, 11, 22,
          1,  5,  2,  2,  2,  2,  2]])
render function tensor([[ 0, 17, 40, 44,  4, 51, 50,  0, 25, 35, 28, 31,  3, 42, 16,  1, 41,  1,
         30,  8, 37,  2,  2,  2,  2],
        [ 0, 17, 40, 44,  4, 51, 50,  0, 25, 35, 28, 31,  3, 42, 16,  1, 41,  1,
         30,  8, 37,  2,  2,  2,  2]])
render function tensor([[ 1, 26, 48,  5, 46, 34, 14, 24, 27, 32, 39, 43, 18, 11, 49, 47,  0, 45,
         38, 12,  9,  1,  1,  1,  1],
        [ 1, 26, 48,  5, 46, 34, 14, 24, 27, 32, 39, 43, 18, 11, 49, 47,  0, 45,
         38, 12,  9,  1,  1,  1,  1]])
render function tensor([[ 2,  6,  2, 36, 33,  2, 29,  2, 22,  2, 23,  2, 10, 20, 13,  2, 21, 52,
         19,  7, 15,  0,  0,  0,  0],
        [ 2,  6,  2, 36, 33,  2, 29,  2, 22,  2, 23,  2, 10, 20, 13,  2, 21, 52,
         19,  7, 15,  0,  0,  0,  0]])
render function tensor([[ 0, 33,  8,  3, 19,  0, 14, 29, 43,  0, 20,  0, 47, 21, 16,  0, 12,  7,
          1, 51,  2, 11,  1,  1,  1],
        [ 0, 33,  8,  3, 19,  0, 14, 29, 43,  0, 20,  0, 47, 21, 16,  0, 12,  7,
          1, 51,  2, 11,  1,  1,  1]])
render function tensor([[ 1, 38,  1,  9,  1, 48,  1, 25, 46, 31, 24, 39, 42, 52, 34, 50, 45, 49,
          0, 37, 15,  2,  2,  2,  2],
        [ 1, 38,  1,  9,  1, 48,  1, 25, 46, 31, 24, 39, 42, 52, 34, 50, 45, 49,
          0, 37, 15,  2,  2,  2,  2]])
render function tensor([[ 2, 30, 23,  2,  6, 10, 40, 44, 35, 18, 22, 13, 41, 36, 27, 32,  5, 26,
         28,  4, 17,  0,  0,  0,  0],
        [ 2, 30, 23,  2,  6, 10, 40, 44, 35, 18, 22, 13, 41, 36, 27, 32,  5, 26,
         28,  4, 17,  0,  0,  0,  0]])
render function tensor([[ 0, 28,  0, 32,  2, 33,  2, 31,  0, 42, 15,  3,  9, 44, 37, 39, 24, 10,
          1,  8,  1, 29,  1,  1,  1],
        [ 0, 28,  0, 32,  2, 33,  2, 31,  0, 42, 15,  3,  9, 44, 37, 39, 24, 10,
          1,  8,  1, 29,  1,  1,  1]])
render function tensor([[ 1, 36,  5, 14,  7, 38, 30, 25, 35, 49, 12, 47, 43,  4, 34, 51, 22, 23,
         13, 48,  0,  0,  0,  0,  0],
        [ 1, 36,  5, 14,  7, 38, 30, 25, 35, 49, 12, 47, 43,  4, 34, 51, 22, 23,
         13, 48,  0,  0,  0,  0,  0]])
render function tensor([[ 2, 19,  2, 50, 17, 20,  1, 11,  1, 52, 18, 41, 16, 21, 26, 45, 27,  6,
         46, 40,  2,  2,  2,  2,  2],
        [ 2, 19,  2, 50, 17, 20,  1, 11,  1, 52, 18, 41, 16, 21, 26, 45, 27,  6,
         46, 40,  2,  2,  2,  2,  2]])
Average tour length:  12.965578079223633
